000000.jpg, 295 , 117, 346, 168
000001.jpg, 297 , 117, 355, 172
000002.jpg, 300 , 116, 369, 177
000003.jpg, 306 , 116, 383, 188
000004.jpg, 313 , 115, 406, 201
000005.jpg, 319 , 116, 430, 214
000006.jpg, 328 , 117, 468, 234
000007.jpg, 341 , 115, 486, 249
000008.jpg, 354 , 114, 499, 249
000009.jpg, 374 , 119, 499, 248
000009.jpg, 271 , 117, 295, 138
000010.jpg, 408 , 151, 499, 249
000010.jpg, 271 , 118, 296, 139
000011.jpg, 273 , 120, 299, 143
000012.jpg, 275 , 119, 303, 145
000013.jpg, 278 , 118, 305, 145
000014.jpg, 281 , 119, 310, 148
000015.jpg, 285 , 119, 313, 151
000016.jpg, 287 , 117, 321, 154
000016.jpg, 19 , 136, 60, 161
000017.jpg, 290 , 122, 328, 159
000017.jpg, 8 , 136, 55, 163
000018.jpg, 1 , 138, 45, 168
000018.jpg, 294 , 121, 336, 165
000019.jpg, 297 , 121, 344, 168
000019.jpg, 1 , 140, 39, 167
000020.jpg, 299 , 123, 353, 172
000021.jpg, 304 , 125, 366, 179
000022.jpg, 309 , 128, 382, 188
000023.jpg, 316 , 126, 399, 198
000024.jpg, 324 , 126, 427, 213
000025.jpg, 337 , 128, 465, 231
000026.jpg, 349 , 128, 484, 249
000027.jpg, 362 , 128, 499, 249
000028.jpg, 381 , 134, 499, 249
000029.jpg, 422 , 169, 499, 249
000038.jpg, 51 , 122, 86, 147
000039.jpg, 43 , 122, 78, 150
000040.jpg, 31 , 122, 72, 149
000041.jpg, 24 , 119, 65, 151
000042.jpg, 7 , 117, 70, 154
000043.jpg, 4 , 116, 61, 158
000044.jpg, 1 , 118, 63, 161
000048.jpg, 0 , 125, 48, 157
000050.jpg, 1 , 119, 30, 140
000051.jpg, 4 , 123, 27, 143
000054.jpg, 2 , 121, 30, 142
000064.jpg, 2 , 120, 43, 143
000110.jpg, 79 , 105, 103, 137
000111.jpg, 75 , 103, 99, 136
000115.jpg, 46 , 110, 76, 143
000147.jpg, 20 , 128, 61, 150
000148.jpg, 291 , 109, 312, 144
000149.jpg, 294 , 111, 318, 143
000150.jpg, 298 , 112, 324, 144
000151.jpg, 300 , 109, 331, 146
000152.jpg, 305 , 109, 338, 146
000153.jpg, 308 , 110, 345, 151
000154.jpg, 312 , 111, 354, 154
000155.jpg, 316 , 112, 367, 159
000156.jpg, 322 , 111, 380, 163
000157.jpg, 328 , 110, 394, 166
000158.jpg, 335 , 105, 419, 172
000159.jpg, 343 , 104, 441, 180
000159.jpg, 287 , 112, 314, 136
000160.jpg, 352 , 104, 472, 193
000161.jpg, 366 , 102, 490, 212
000162.jpg, 385 , 96, 499, 238
000163.jpg, 405 , 101, 499, 232
000164.jpg, 438 , 121, 499, 234
000164.jpg, 276 , 108, 304, 131
000165.jpg, 278 , 104, 304, 132
000166.jpg, 279 , 105, 304, 130
000167.jpg, 311 , 112, 354, 152
000168.jpg, 316 , 113, 362, 156
000168.jpg, 278 , 104, 309, 133
000169.jpg, 320 , 114, 374, 159
000169.jpg, 280 , 104, 309, 132
000170.jpg, 325 , 115, 385, 163
000170.jpg, 287 , 102, 312, 131
000171.jpg, 330 , 115, 403, 167
000171.jpg, 283 , 101, 314, 135
000172.jpg, 338 , 112, 423, 174
000172.jpg, 283 , 99, 317, 138
000172.jpg, 90 , 122, 109, 138
000173.jpg, 347 , 111, 445, 183
000173.jpg, 87 , 121, 106, 135
000173.jpg, 285 , 98, 323, 137
000174.jpg, 358 , 110, 476, 196
000174.jpg, 286 , 98, 330, 142
000175.jpg, 372 , 110, 499, 212
000175.jpg, 288 , 96, 331, 143
000176.jpg, 389 , 112, 499, 230
000176.jpg, 292 , 96, 338, 144
000176.jpg, 12 , 130, 43, 154
000177.jpg, 409 , 119, 499, 224
000177.jpg, 292 , 95, 346, 146
000177.jpg, 63 , 127, 91, 144
000178.jpg, 436 , 136, 499, 225
000178.jpg, 295 , 94, 353, 148
000178.jpg, 57 , 126, 85, 147
000179.jpg, 301 , 95, 364, 149
000180.jpg, 303 , 95, 370, 150
000181.jpg, 304 , 94, 382, 151
000181.jpg, 38 , 127, 74, 147
000181.jpg, 259 , 99, 279, 138
000182.jpg, 315 , 91, 392, 155
000182.jpg, 31 , 127, 70, 149
000183.jpg, 24 , 125, 67, 152
000183.jpg, 331 , 92, 403, 159
000184.jpg, 338 , 91, 419, 164
000184.jpg, 17 , 127, 63, 152
000185.jpg, 11 , 127, 61, 153
000185.jpg, 344 , 85, 434, 170
000186.jpg, 354 , 80, 454, 179
000186.jpg, 6 , 127, 56, 155
000187.jpg, 364 , 78, 485, 188
000187.jpg, 0 , 131, 49, 157
000188.jpg, 374 , 77, 499, 198
000188.jpg, 4 , 130, 36, 159
000189.jpg, 388 , 71, 499, 209
000189.jpg, 2 , 129, 39, 157
000189.jpg, 337 , 81, 405, 165
000190.jpg, 402 , 67, 499, 218
000190.jpg, 2 , 130, 31, 155
000191.jpg, 419 , 81, 499, 204
000191.jpg, 1 , 129, 26, 156
000191.jpg, 347 , 77, 437, 172
000192.jpg, 438 , 86, 499, 199
000192.jpg, 355 , 74, 455, 174
000193.jpg, 360 , 72, 477, 186
000194.jpg, 28 , 124, 78, 150
000194.jpg, 370 , 68, 499, 192
000195.jpg, 377 , 66, 499, 204
000196.jpg, 387 , 74, 499, 218
000197.jpg, 399 , 56, 499, 230
000198.jpg, 411 , 53, 499, 211
000199.jpg, 426 , 68, 499, 208
000200.jpg, 443 , 80, 499, 224
000201.jpg, 439 , 88, 484, 151
000202.jpg, 448 , 88, 495, 151
000203.jpg, 458 , 92, 499, 153
000204.jpg, 471 , 83, 499, 155
000290.jpg, 3 , 146, 63, 194
000291.jpg, 3 , 149, 79, 199
000292.jpg, 13 , 149, 98, 200
000293.jpg, 30 , 147, 118, 199
000294.jpg, 54 , 145, 137, 195
000294.jpg, 370 , 114, 407, 135
000295.jpg, 77 , 143, 155, 193
000295.jpg, 401 , 113, 434, 136
000295.jpg, 0 , 156, 30, 193
000296.jpg, 94 , 141, 172, 193
000296.jpg, 1 , 154, 53, 208
000296.jpg, 426 , 108, 465, 135
000297.jpg, 114 , 139, 192, 191
000297.jpg, 0 , 149, 76, 205
000297.jpg, 459 , 113, 498, 135
000298.jpg, 0 , 149, 99, 206
000298.jpg, 133 , 139, 210, 191
000299.jpg, 0 , 147, 119, 207
000299.jpg, 153 , 137, 229, 189
000300.jpg, 4 , 144, 136, 207
000300.jpg, 169 , 135, 247, 190
000301.jpg, 188 , 135, 268, 189
000301.jpg, 22 , 143, 154, 205
000301.jpg, 15 , 139, 55, 174
000302.jpg, 208 , 133, 290, 188
000302.jpg, 47 , 142, 172, 201
000302.jpg, 41 , 135, 87, 173
000303.jpg, 226 , 130, 310, 190
000303.jpg, 69 , 138, 190, 198
000303.jpg, 64 , 132, 110, 165
000304.jpg, 247 , 128, 335, 188
000304.jpg, 91 , 136, 212, 195
000304.jpg, 87 , 131, 131, 160
000304.jpg, 15 , 136, 87, 179
000305.jpg, 267 , 127, 361, 188
000305.jpg, 112 , 133, 229, 193
000305.jpg, 40 , 133, 112, 173
000305.jpg, 111 , 125, 148, 159
000306.jpg, 291 , 125, 392, 190
000306.jpg, 132 , 130, 248, 191
000306.jpg, 64 , 128, 129, 169
000306.jpg, 130 , 123, 171, 153
000307.jpg, 312 , 120, 427, 192
000307.jpg, 151 , 129, 270, 192
000307.jpg, 88 , 129, 151, 166
000307.jpg, 149 , 119, 190, 152
000308.jpg, 338 , 120, 464, 196
000308.jpg, 167 , 126, 293, 191
000308.jpg, 169 , 118, 209, 150
000308.jpg, 108 , 125, 170, 163
000309.jpg, 368 , 120, 495, 201
000309.jpg, 189 , 125, 316, 194
000309.jpg, 189 , 117, 227, 153
000310.jpg, 397 , 120, 498, 207
000310.jpg, 207 , 125, 343, 200
000310.jpg, 210 , 115, 248, 150
000310.jpg, 146 , 124, 207, 162
000311.jpg, 224 , 125, 370, 206
000311.jpg, 433 , 138, 499, 216
000311.jpg, 225 , 115, 269, 151
000311.jpg, 165 , 122, 224, 163
000312.jpg, 243 , 124, 403, 211
000312.jpg, 181 , 124, 241, 162
000312.jpg, 475 , 158, 499, 201
000312.jpg, 243 , 114, 282, 152
000313.jpg, 261 , 125, 439, 221
000313.jpg, 261 , 115, 296, 151
000313.jpg, 197 , 121, 261, 162
000314.jpg, 280 , 122, 483, 232
000314.jpg, 210 , 122, 278, 162
000314.jpg, 279 , 113, 310, 151
000315.jpg, 296 , 119, 499, 244
000315.jpg, 297 , 110, 336, 152
000315.jpg, 224 , 119, 291, 162
000316.jpg, 317 , 118, 499, 246
000316.jpg, 314 , 107, 352, 152
000316.jpg, 240 , 115, 310, 161
000317.jpg, 339 , 116, 499, 242
000317.jpg, 335 , 102, 385, 150
000317.jpg, 253 , 113, 329, 160
000317.jpg, 27 , 127, 48, 145
000318.jpg, 355 , 98, 423, 154
000318.jpg, 368 , 141, 498, 249
000318.jpg, 270 , 111, 349, 163
000319.jpg, 381 , 96, 455, 161
000319.jpg, 286 , 111, 373, 167
000319.jpg, 409 , 165, 499, 249
000320.jpg, 411 , 97, 488, 167
000320.jpg, 304 , 112, 396, 175
000320.jpg, 75 , 126, 94, 145
000321.jpg, 322 , 112, 424, 180
000321.jpg, 448 , 101, 499, 171
000321.jpg, 88 , 127, 109, 145
000322.jpg, 346 , 110, 456, 187
000322.jpg, 103 , 128, 122, 146
000323.jpg, 373 , 112, 495, 196
000323.jpg, 113 , 129, 134, 145
000324.jpg, 405 , 111, 495, 200
000324.jpg, 127 , 126, 146, 145
000325.jpg, 447 , 109, 499, 211
000333.jpg, 216 , 121, 236, 143
000335.jpg, 234 , 120, 257, 143
000336.jpg, 242 , 121, 264, 143
000337.jpg, 248 , 119, 271, 145
000338.jpg, 256 , 117, 281, 143
000339.jpg, 263 , 118, 290, 146
000340.jpg, 270 , 121, 296, 149
000341.jpg, 275 , 123, 301, 150
000342.jpg, 278 , 122, 308, 152
000343.jpg, 282 , 123, 311, 151
000344.jpg, 285 , 120, 315, 154
000344.jpg, 51 , 122, 103, 149
000345.jpg, 289 , 124, 320, 155
000346.jpg, 289 , 126, 324, 159
000347.jpg, 290 , 125, 330, 162
000347.jpg, 59 , 128, 104, 151
000347.jpg, 7 , 120, 70, 159
000348.jpg, 295 , 125, 337, 167
000348.jpg, 4 , 120, 88, 158
000349.jpg, 296 , 125, 346, 174
000349.jpg, 5 , 120, 75, 161
000350.jpg, 303 , 124, 359, 180
000350.jpg, 7 , 122, 61, 161
000351.jpg, 307 , 125, 374, 190
000351.jpg, 8 , 123, 44, 153
000351.jpg, 290 , 119, 312, 149
000352.jpg, 315 , 126, 393, 201
000352.jpg, 291 , 122, 316, 153
000353.jpg, 321 , 128, 423, 220
000353.jpg, 294 , 121, 321, 157
000354.jpg, 329 , 129, 463, 238
000354.jpg, 297 , 122, 327, 163
000355.jpg, 342 , 134, 494, 246
000355.jpg, 301 , 121, 334, 167
000356.jpg, 356 , 136, 499, 249
000356.jpg, 304 , 119, 341, 172
000357.jpg, 379 , 155, 499, 245
000357.jpg, 307 , 119, 351, 177
000358.jpg, 311 , 120, 363, 187
000359.jpg, 320 , 120, 380, 200
000360.jpg, 331 , 122, 404, 217
000361.jpg, 345 , 123, 439, 240
000361.jpg, 3 , 130, 37, 150
000362.jpg, 351 , 129, 497, 249
000364.jpg, 420 , 149, 499, 249
000370.jpg, 271 , 121, 290, 141
000370.jpg, 22 , 127, 64, 151
000371.jpg, 16 , 125, 55, 151
000372.jpg, 6 , 125, 48, 152
000372.jpg, 272 , 118, 296, 144
000373.jpg, 272 , 118, 299, 145
000374.jpg, 277 , 118, 303, 147
000375.jpg, 281 , 120, 307, 151
000375.jpg, 0 , 114, 19, 150
000376.jpg, 283 , 122, 310, 154
000377.jpg, 286 , 123, 317, 159
000378.jpg, 287 , 123, 323, 163
000379.jpg, 292 , 124, 332, 167
000380.jpg, 295 , 126, 342, 174
000381.jpg, 301 , 125, 356, 178
000382.jpg, 306 , 126, 377, 187
000383.jpg, 317 , 126, 399, 198
000384.jpg, 328 , 126, 433, 217
000385.jpg, 338 , 127, 485, 233
000386.jpg, 358 , 131, 499, 227
000387.jpg, 379 , 132, 499, 235
000388.jpg, 415 , 173, 499, 244
000424.jpg, 281 , 105, 309, 122
000438.jpg, 370 , 101, 398, 119
000439.jpg, 348 , 105, 379, 123
000440.jpg, 378 , 106, 409, 122
000440.jpg, 351 , 104, 380, 122
000442.jpg, 384 , 102, 415, 119
000445.jpg, 368 , 104, 398, 125
000447.jpg, 335 , 104, 368, 129
000448.jpg, 375 , 103, 412, 126
000450.jpg, 381 , 104, 421, 128
000451.jpg, 384 , 105, 425, 129
000452.jpg, 389 , 103, 434, 131
000452.jpg, 352 , 103, 385, 136
000453.jpg, 393 , 106, 440, 133
000453.jpg, 354 , 109, 393, 136
000454.jpg, 359 , 112, 394, 138
000454.jpg, 396 , 103, 451, 134
000455.jpg, 398 , 105, 462, 134
000455.jpg, 359 , 111, 403, 137
000456.jpg, 406 , 105, 466, 132
000456.jpg, 368 , 108, 404, 138
000456.jpg, 451 , 105, 495, 128
000457.jpg, 410 , 106, 476, 136
000457.jpg, 373 , 108, 411, 138
000458.jpg, 374 , 111, 420, 142
000458.jpg, 416 , 109, 481, 139
000458.jpg, 321 , 112, 370, 140
000459.jpg, 382 , 113, 426, 147
000459.jpg, 423 , 111, 490, 144
000459.jpg, 312 , 113, 377, 145
000460.jpg, 385 , 116, 435, 151
000460.jpg, 430 , 112, 498, 146
000460.jpg, 319 , 116, 383, 148
000461.jpg, 438 , 117, 497, 148
000461.jpg, 392 , 118, 444, 154
000461.jpg, 331 , 119, 385, 154
000462.jpg, 398 , 118, 455, 156
000462.jpg, 334 , 118, 392, 155
000463.jpg, 406 , 117, 466, 156
000463.jpg, 339 , 118, 398, 155
000464.jpg, 416 , 115, 481, 160
000464.jpg, 343 , 118, 403, 156
000465.jpg, 423 , 116, 493, 160
000465.jpg, 351 , 118, 412, 161
000466.jpg, 432 , 116, 499, 165
000466.jpg, 355 , 119, 421, 162
000467.jpg, 366 , 121, 430, 164
000467.jpg, 445 , 117, 494, 170
000467.jpg, 336 , 117, 378, 151
000468.jpg, 370 , 119, 440, 167
000468.jpg, 343 , 114, 398, 155
000469.jpg, 384 , 118, 453, 171
000469.jpg, 347 , 114, 401, 153
000470.jpg, 392 , 115, 466, 173
000470.jpg, 352 , 112, 409, 155
000471.jpg, 405 , 113, 483, 176
000471.jpg, 362 , 110, 419, 154
000472.jpg, 420 , 110, 494, 182
000472.jpg, 369 , 110, 436, 156
000473.jpg, 377 , 108, 453, 158
000473.jpg, 442 , 104, 498, 185
000474.jpg, 385 , 107, 473, 165
000475.jpg, 394 , 105, 493, 169
000476.jpg, 410 , 104, 497, 171
000477.jpg, 432 , 101, 498, 171
000478.jpg, 441 , 108, 497, 154
000479.jpg, 456 , 99, 488, 151
000481.jpg, 378 , 108, 457, 150
000482.jpg, 396 , 103, 490, 154
000483.jpg, 400 , 102, 496, 158
000484.jpg, 418 , 102, 498, 156
000484.jpg, 359 , 106, 434, 146
000485.jpg, 371 , 108, 498, 159
000485.jpg, 436 , 109, 498, 161
000486.jpg, 376 , 110, 495, 152
000486.jpg, 448 , 114, 499, 165
000487.jpg, 382 , 109, 491, 156
000488.jpg, 390 , 104, 495, 158
000489.jpg, 400 , 101, 499, 159
000490.jpg, 408 , 100, 497, 159
000491.jpg, 423 , 105, 497, 159
000491.jpg, 384 , 102, 440, 137
000492.jpg, 443 , 107, 499, 163
000492.jpg, 409 , 103, 451, 139
000493.jpg, 460 , 125, 499, 162
000493.jpg, 401 , 97, 471, 143
000494.jpg, 406 , 97, 487, 146
000495.jpg, 447 , 97, 490, 152
000495.jpg, 284 , 116, 315, 155
000496.jpg, 276 , 112, 319, 161
000497.jpg, 279 , 114, 325, 159
000498.jpg, 283 , 115, 332, 163
000499.jpg, 288 , 116, 345, 167
000500.jpg, 295 , 115, 351, 174
000501.jpg, 305 , 119, 366, 184
000502.jpg, 310 , 119, 383, 197
000503.jpg, 322 , 115, 401, 201
000504.jpg, 328 , 110, 431, 218
000505.jpg, 337 , 109, 477, 234
000506.jpg, 353 , 105, 499, 249
000506.jpg, 321 , 133, 362, 199
000507.jpg, 376 , 105, 499, 246
000507.jpg, 320 , 133, 403, 205
000507.jpg, 279 , 129, 337, 174
000508.jpg, 325 , 135, 478, 226
000508.jpg, 298 , 134, 353, 183
000509.jpg, 342 , 134, 499, 249
000509.jpg, 311 , 134, 376, 196
000509.jpg, 280 , 128, 326, 167
000509.jpg, 99 , 127, 120, 143
000510.jpg, 330 , 136, 402, 212
000510.jpg, 289 , 128, 334, 170
000510.jpg, 371 , 139, 499, 237
000511.jpg, 298 , 130, 344, 172
000511.jpg, 339 , 137, 447, 232
000511.jpg, 281 , 122, 311, 159
000511.jpg, 407 , 170, 499, 244
000512.jpg, 307 , 130, 361, 179
000512.jpg, 354 , 138, 494, 249
000512.jpg, 282 , 118, 311, 162
000512.jpg, 76 , 120, 101, 142
000513.jpg, 310 , 130, 386, 191
000513.jpg, 289 , 121, 322, 168
000513.jpg, 66 , 120, 96, 142
000513.jpg, 386 , 145, 499, 242
000514.jpg, 321 , 128, 414, 207
000514.jpg, 294 , 122, 332, 171
000514.jpg, 57 , 121, 89, 140
000514.jpg, 261 , 114, 277, 134
000515.jpg, 331 , 131, 457, 232
000515.jpg, 301 , 125, 345, 179
000515.jpg, 50 , 123, 83, 142
000515.jpg, 265 , 112, 283, 136
000516.jpg, 307 , 125, 359, 187
000516.jpg, 356 , 136, 497, 249
000516.jpg, 41 , 120, 76, 142
000516.jpg, 262 , 111, 281, 136
000517.jpg, 310 , 127, 386, 202
000517.jpg, 24 , 121, 66, 147
000517.jpg, 365 , 139, 499, 238
000517.jpg, 286 , 117, 318, 156
000517.jpg, 262 , 111, 287, 138
000518.jpg, 289 , 118, 327, 162
000518.jpg, 321 , 128, 428, 223
000518.jpg, 12 , 124, 58, 147
000518.jpg, 262 , 110, 288, 137
000518.jpg, 404 , 159, 499, 245
000519.jpg, 331 , 133, 469, 240
000519.jpg, 293 , 123, 334, 163
000519.jpg, 2 , 126, 46, 149
000519.jpg, 264 , 114, 288, 137
000520.jpg, 294 , 125, 353, 170
000520.jpg, 0 , 129, 34, 152
000520.jpg, 264 , 113, 291, 141
000521.jpg, 298 , 124, 365, 177
000521.jpg, 1 , 128, 24, 152
000521.jpg, 264 , 112, 289, 139
000521.jpg, 376 , 149, 499, 248
000522.jpg, 308 , 122, 380, 187
000522.jpg, 264 , 108, 292, 138
000523.jpg, 318 , 121, 406, 197
000523.jpg, 267 , 111, 294, 141
000524.jpg, 327 , 123, 441, 216
000524.jpg, 265 , 113, 298, 141
000525.jpg, 339 , 125, 496, 248
000525.jpg, 271 , 115, 300, 143
000526.jpg, 357 , 135, 499, 249
000526.jpg, 275 , 120, 305, 148
000527.jpg, 386 , 147, 499, 249
000527.jpg, 282 , 119, 309, 149
000528.jpg, 281 , 119, 314, 150
000529.jpg, 286 , 118, 319, 151
000530.jpg, 291 , 117, 327, 152
000531.jpg, 296 , 121, 340, 161
000531.jpg, 49 , 112, 79, 140
000532.jpg, 299 , 125, 353, 168
000532.jpg, 36 , 118, 70, 142
000533.jpg, 303 , 126, 369, 176
000533.jpg, 18 , 119, 63, 143
000534.jpg, 312 , 125, 391, 192
000534.jpg, 7 , 119, 54, 150
000535.jpg, 2 , 120, 43, 147
000535.jpg, 322 , 119, 420, 204
000536.jpg, 330 , 118, 458, 216
000536.jpg, 2 , 118, 30, 147
000537.jpg, 345 , 121, 497, 237
000538.jpg, 364 , 126, 499, 234
000539.jpg, 390 , 145, 499, 243
000541.jpg, 311 , 126, 361, 190
000542.jpg, 324 , 131, 391, 202
000543.jpg, 330 , 125, 437, 226
000544.jpg, 342 , 128, 495, 249
000545.jpg, 361 , 135, 499, 234
000546.jpg, 384 , 152, 499, 249
000560.jpg, 98 , 118, 122, 135
000561.jpg, 88 , 119, 115, 135
000561.jpg, 51 , 121, 83, 145
000562.jpg, 80 , 120, 109, 137
000562.jpg, 40 , 121, 76, 145
000563.jpg, 29 , 124, 71, 145
000563.jpg, 75 , 121, 103, 140
000563.jpg, 27 , 129, 70, 150
000564.jpg, 68 , 121, 98, 139
000564.jpg, 17 , 125, 61, 148
000565.jpg, 6 , 126, 52, 151
000565.jpg, 57 , 120, 102, 141
000566.jpg, 51 , 122, 87, 142
000567.jpg, 39 , 122, 80, 143
000567.jpg, 2 , 128, 32, 151
000568.jpg, 28 , 121, 72, 144
000568.jpg, 0 , 129, 21, 153
000569.jpg, 14 , 120, 62, 147
000569.jpg, 261 , 111, 290, 140
000570.jpg, 2 , 121, 50, 148
000570.jpg, 264 , 112, 290, 140
000572.jpg, 26 , 119, 67, 143
000572.jpg, 265 , 109, 295, 139
000572.jpg, 3 , 121, 23, 146
000573.jpg, 13 , 120, 58, 143
000573.jpg, 267 , 111, 296, 142
000574.jpg, 2 , 121, 48, 146
000574.jpg, 271 , 114, 298, 144
000575.jpg, 3 , 119, 36, 146
000575.jpg, 272 , 112, 302, 145
000576.jpg, 280 , 115, 306, 147
000576.jpg, 2 , 116, 28, 146
000577.jpg, 283 , 118, 310, 153
000578.jpg, 287 , 119, 317, 156
000579.jpg, 288 , 117, 321, 157
000579.jpg, 423 , 119, 489, 174
000579.jpg, 261 , 117, 289, 143
000580.jpg, 288 , 116, 329, 163
000581.jpg, 289 , 116, 337, 170
000581.jpg, 263 , 117, 293, 145
000582.jpg, 297 , 118, 349, 173
000583.jpg, 302 , 117, 362, 182
000583.jpg, 271 , 120, 299, 150
000584.jpg, 308 , 115, 380, 189
000584.jpg, 279 , 118, 306, 153
000585.jpg, 318 , 114, 407, 202
000585.jpg, 281 , 115, 311, 154
000586.jpg, 330 , 111, 437, 221
000587.jpg, 344 , 109, 494, 238
000587.jpg, 294 , 117, 333, 167
000587.jpg, 271 , 119, 294, 143
000588.jpg, 357 , 113, 496, 249
000588.jpg, 271 , 118, 297, 146
000588.jpg, 294 , 116, 349, 174
000589.jpg, 388 , 107, 499, 242
000589.jpg, 273 , 119, 300, 147
000589.jpg, 302 , 120, 362, 182
000590.jpg, 277 , 118, 303, 145
000591.jpg, 278 , 119, 306, 146
000591.jpg, 308 , 119, 416, 206
000592.jpg, 280 , 118, 310, 148
000592.jpg, 310 , 117, 376, 186
000592.jpg, 47 , 119, 80, 144
000593.jpg, 282 , 118, 315, 150
000593.jpg, 38 , 119, 73, 143
000593.jpg, 323 , 115, 395, 203
000594.jpg, 286 , 120, 323, 154
000595.jpg, 290 , 123, 330, 161
000595.jpg, 60 , 124, 89, 143
000595.jpg, 15 , 122, 57, 151
000595.jpg, 264 , 111, 282, 133
000596.jpg, 296 , 125, 336, 163
000596.jpg, 360 , 119, 495, 241
000596.jpg, 10 , 127, 49, 154
000596.jpg, 49 , 127, 83, 147
000596.jpg, 262 , 116, 286, 137
000597.jpg, 2 , 127, 40, 155
000597.jpg, 306 , 125, 347, 168
000597.jpg, 395 , 117, 499, 237
000597.jpg, 40 , 126, 79, 147
000598.jpg, 315 , 126, 358, 172
000598.jpg, 1 , 128, 27, 149
000598.jpg, 24 , 125, 72, 149
000599.jpg, 316 , 127, 374, 179
000599.jpg, 16 , 127, 60, 151
000599.jpg, 64 , 126, 90, 145
000599.jpg, 267 , 112, 288, 134
000600.jpg, 323 , 128, 397, 191
000600.jpg, 1 , 125, 52, 154
000600.jpg, 270 , 115, 291, 135
000601.jpg, 333 , 129, 426, 209
000601.jpg, 1 , 121, 40, 152
000601.jpg, 43 , 126, 75, 145
000601.jpg, 269 , 115, 290, 136
000601.jpg, 80 , 118, 106, 139
000601.jpg, 306 , 124, 346, 173
000602.jpg, 344 , 131, 471, 231
000602.jpg, 313 , 127, 362, 182
000602.jpg, 3 , 127, 27, 157
000602.jpg, 31 , 128, 67, 147
000602.jpg, 74 , 122, 99, 141
000602.jpg, 270 , 115, 291, 135
000603.jpg, 359 , 136, 499, 249
000603.jpg, 17 , 128, 59, 148
000603.jpg, 321 , 127, 381, 190
000603.jpg, 66 , 123, 96, 143
000603.jpg, 271 , 116, 295, 139
000604.jpg, 2 , 127, 50, 151
000604.jpg, 376 , 145, 499, 243
000604.jpg, 337 , 126, 408, 202
000604.jpg, 54 , 124, 89, 144
000604.jpg, 270 , 115, 296, 137
000605.jpg, 0 , 130, 39, 154
000605.jpg, 414 , 183, 498, 242
000605.jpg, 271 , 116, 298, 139
000605.jpg, 345 , 129, 448, 211
000606.jpg, 361 , 132, 497, 239
000606.jpg, 1 , 133, 26, 156
000606.jpg, 33 , 126, 68, 148
000606.jpg, 272 , 117, 298, 142
000607.jpg, 18 , 127, 60, 150
000607.jpg, 376 , 137, 499, 231
000607.jpg, 269 , 117, 305, 144
000607.jpg, 0 , 135, 18, 159
000608.jpg, 8 , 127, 50, 152
000608.jpg, 408 , 150, 499, 248
000608.jpg, 279 , 118, 309, 146
000609.jpg, 4 , 128, 40, 153
000609.jpg, 276 , 119, 313, 147
000610.jpg, 1 , 128, 28, 151
000610.jpg, 285 , 118, 318, 150
000611.jpg, 288 , 119, 322, 154
000612.jpg, 289 , 120, 330, 156
000612.jpg, 267 , 116, 291, 135
000613.jpg, 292 , 120, 337, 161
000614.jpg, 299 , 120, 349, 166
000615.jpg, 305 , 122, 365, 172
000616.jpg, 312 , 119, 384, 182
000617.jpg, 325 , 119, 409, 196
000617.jpg, 273 , 113, 292, 137
000618.jpg, 335 , 118, 446, 212
000619.jpg, 348 , 119, 496, 239
000620.jpg, 366 , 122, 499, 249
000621.jpg, 399 , 135, 499, 249
000622.jpg, 281 , 118, 307, 150
000623.jpg, 285 , 119, 312, 150
000624.jpg, 285 , 115, 316, 152
000625.jpg, 289 , 117, 322, 154
000626.jpg, 293 , 117, 328, 157
000627.jpg, 299 , 121, 336, 164
000628.jpg, 300 , 122, 347, 171
000629.jpg, 303 , 124, 359, 177
000630.jpg, 312 , 124, 373, 185
000631.jpg, 321 , 126, 391, 194
000632.jpg, 335 , 129, 415, 210
000633.jpg, 342 , 133, 454, 228
000633.jpg, 75 , 127, 100, 143
000634.jpg, 350 , 135, 499, 249
000635.jpg, 368 , 140, 499, 246
000636.jpg, 375 , 144, 499, 242
000636.jpg, 50 , 130, 82, 146
000637.jpg, 42 , 129, 74, 148
000638.jpg, 30 , 128, 67, 150
000639.jpg, 18 , 130, 59, 153
000640.jpg, 11 , 131, 51, 154
000641.jpg, 2 , 132, 40, 155
000642.jpg, 3 , 133, 26, 159
000648.jpg, 339 , 108, 390, 144
000649.jpg, 301 , 119, 353, 173
000649.jpg, 349 , 110, 402, 142
000650.jpg, 309 , 120, 368, 179
000650.jpg, 360 , 111, 405, 142
000651.jpg, 317 , 119, 385, 185
000652.jpg, 324 , 119, 409, 201
000653.jpg, 333 , 116, 441, 221
000653.jpg, 47 , 119, 77, 137
000654.jpg, 341 , 116, 485, 238
000654.jpg, 48 , 120, 74, 138
000655.jpg, 358 , 117, 499, 243
000656.jpg, 369 , 122, 499, 242
000656.jpg, 395 , 111, 459, 147
000656.jpg, 266 , 114, 287, 141
000657.jpg, 401 , 129, 499, 245
000657.jpg, 408 , 110, 492, 157
000657.jpg, 266 , 114, 291, 144
000658.jpg, 425 , 110, 499, 174
000658.jpg, 268 , 117, 295, 147
000658.jpg, 22 , 121, 49, 135
000659.jpg, 448 , 114, 498, 167
000659.jpg, 269 , 118, 297, 151
000659.jpg, 7 , 123, 43, 138
000660.jpg, 269 , 119, 297, 152
000660.jpg, 9 , 121, 34, 135
000661.jpg, 271 , 120, 304, 154
000661.jpg, 2 , 122, 27, 138
000662.jpg, 272 , 119, 306, 155
000662.jpg, 0 , 123, 23, 137
000663.jpg, 274 , 118, 311, 155
000663.jpg, 0 , 121, 19, 139
000664.jpg, 274 , 120, 314, 158
000665.jpg, 276 , 121, 319, 162
000666.jpg, 278 , 119, 323, 165
000667.jpg, 280 , 119, 329, 170
000668.jpg, 284 , 120, 336, 177
000669.jpg, 289 , 120, 345, 184
000670.jpg, 290 , 120, 358, 189
000671.jpg, 295 , 119, 368, 200
000672.jpg, 302 , 122, 384, 210
000673.jpg, 306 , 125, 406, 224
000674.jpg, 314 , 126, 431, 234
000675.jpg, 321 , 127, 475, 246
000676.jpg, 334 , 128, 499, 249
000677.jpg, 357 , 128, 499, 249
000678.jpg, 382 , 128, 499, 249
000679.jpg, 416 , 165, 499, 249
000685.jpg, 1 , 139, 34, 158
000686.jpg, 1 , 137, 49, 155
000687.jpg, 24 , 135, 66, 153
000688.jpg, 46 , 134, 86, 151
000689.jpg, 71 , 132, 107, 149
000690.jpg, 96 , 131, 131, 148
000691.jpg, 119 , 129, 152, 147
000692.jpg, 142 , 127, 172, 144
000693.jpg, 165 , 126, 197, 142
000694.jpg, 185 , 123, 214, 139
000695.jpg, 206 , 121, 236, 139
000696.jpg, 226 , 123, 258, 139
000697.jpg, 247 , 121, 278, 138
000698.jpg, 268 , 120, 297, 138
000699.jpg, 287 , 120, 317, 138
000700.jpg, 310 , 120, 337, 138
000701.jpg, 336 , 119, 366, 136
000701.jpg, 333 , 122, 372, 141
000702.jpg, 358 , 118, 395, 135
000703.jpg, 385 , 111, 424, 132
000704.jpg, 416 , 104, 459, 127
000704.jpg, 436 , 105, 485, 132
000705.jpg, 447 , 99, 499, 124
000708.jpg, 434 , 94, 478, 124
000712.jpg, 30 , 126, 71, 163
000715.jpg, 98 , 117, 136, 164
000717.jpg, 138 , 124, 174, 164
000718.jpg, 156 , 120, 191, 160
000719.jpg, 173 , 120, 206, 162
000720.jpg, 192 , 120, 227, 161
000721.jpg, 207 , 122, 244, 163
000722.jpg, 223 , 122, 262, 165
000723.jpg, 236 , 121, 275, 165
000724.jpg, 249 , 123, 291, 169
000725.jpg, 259 , 123, 305, 172
000726.jpg, 271 , 119, 320, 176
000727.jpg, 282 , 121, 338, 181
000728.jpg, 294 , 121, 354, 185
000729.jpg, 305 , 125, 372, 191
000730.jpg, 313 , 127, 392, 200
000731.jpg, 323 , 129, 415, 211
000732.jpg, 331 , 133, 441, 224
000732.jpg, 326 , 113, 361, 143
000733.jpg, 341 , 133, 476, 247
000733.jpg, 331 , 113, 370, 144
000734.jpg, 358 , 133, 499, 249
000734.jpg, 331 , 111, 366, 138
000735.jpg, 370 , 138, 499, 246
000735.jpg, 337 , 111, 370, 139
000736.jpg, 395 , 143, 499, 249
000736.jpg, 339 , 112, 377, 136
000737.jpg, 345 , 109, 376, 137
000738.jpg, 351 , 110, 386, 137
000743.jpg, 376 , 108, 428, 136
000744.jpg, 381 , 105, 444, 136
000745.jpg, 390 , 105, 461, 139
000746.jpg, 402 , 102, 471, 142
000747.jpg, 408 , 106, 492, 145
000748.jpg, 422 , 104, 498, 146
000749.jpg, 433 , 104, 499, 149
000750.jpg, 449 , 104, 499, 152
000751.jpg, 469 , 110, 499, 152
000754.jpg, 35 , 136, 71, 159
000755.jpg, 26 , 137, 64, 163
000756.jpg, 15 , 140, 59, 167
000756.jpg, 260 , 124, 298, 150
000757.jpg, 8 , 141, 53, 169
000757.jpg, 262 , 121, 301, 149
000758.jpg, 266 , 123, 306, 151
000758.jpg, 3 , 143, 57, 170
000759.jpg, 269 , 124, 312, 155
000759.jpg, 0 , 143, 27, 170
000760.jpg, 269 , 125, 319, 157
000761.jpg, 268 , 125, 324, 161
000762.jpg, 287 , 127, 333, 168
000763.jpg, 295 , 129, 345, 175
000764.jpg, 299 , 129, 357, 182
000764.jpg, 270 , 128, 302, 160
000765.jpg, 307 , 129, 375, 189
000765.jpg, 276 , 127, 318, 162
000766.jpg, 319 , 128, 399, 202
000766.jpg, 292 , 129, 325, 168
000766.jpg, 291 , 133, 321, 161
000767.jpg, 329 , 127, 437, 222
000767.jpg, 295 , 126, 336, 169
000767.jpg, 275 , 124, 301, 150
000768.jpg, 341 , 126, 491, 249
000768.jpg, 299 , 124, 351, 175
000768.jpg, 36 , 137, 68, 159
000768.jpg, 274 , 122, 313, 155
000769.jpg, 307 , 122, 376, 181
000769.jpg, 364 , 129, 499, 249
000769.jpg, 276 , 118, 315, 158
000769.jpg, 24 , 139, 59, 158
000770.jpg, 316 , 121, 401, 193
000770.jpg, 393 , 139, 499, 249
000770.jpg, 279 , 118, 326, 160
000770.jpg, 11 , 136, 51, 159
000771.jpg, 328 , 123, 440, 211
000771.jpg, 286 , 116, 338, 165
000771.jpg, 9 , 135, 38, 157
000772.jpg, 337 , 120, 499, 240
000772.jpg, 289 , 117, 356, 166
000772.jpg, 0 , 134, 24, 155
000773.jpg, 302 , 115, 376, 186
000773.jpg, 365 , 128, 499, 249
000773.jpg, 286 , 118, 318, 157
000774.jpg, 310 , 117, 406, 201
000774.jpg, 389 , 134, 499, 249
000774.jpg, 289 , 118, 326, 166
000775.jpg, 321 , 117, 446, 222
000775.jpg, 295 , 118, 340, 169
000775.jpg, 3 , 141, 24, 161
000776.jpg, 337 , 118, 497, 248
000776.jpg, 297 , 118, 354, 167
000777.jpg, 357 , 121, 499, 245
000777.jpg, 305 , 115, 378, 186
000778.jpg, 313 , 115, 409, 202
000778.jpg, 385 , 141, 497, 248
000779.jpg, 325 , 116, 448, 227
000780.jpg, 341 , 111, 499, 249
000780.jpg, 6 , 133, 50, 157
000781.jpg, 362 , 113, 499, 248
000781.jpg, 3 , 133, 38, 157
000782.jpg, 390 , 117, 499, 249
000783.jpg, 262 , 111, 287, 130
000784.jpg, 264 , 117, 291, 134
000785.jpg, 30 , 126, 71, 157
000785.jpg, 263 , 115, 291, 136
000786.jpg, 265 , 113, 294, 136
000786.jpg, 16 , 125, 66, 158
000787.jpg, 267 , 116, 301, 138
000787.jpg, 7 , 125, 56, 161
000788.jpg, 268 , 115, 303, 139
000788.jpg, 3 , 129, 47, 165
000789.jpg, 267 , 118, 305, 142
000790.jpg, 268 , 116, 308, 142
000791.jpg, 269 , 114, 313, 146
000792.jpg, 270 , 119, 319, 149
000793.jpg, 272 , 118, 326, 151
000794.jpg, 274 , 116, 336, 155
000795.jpg, 278 , 116, 345, 160
000796.jpg, 283 , 116, 358, 169
000797.jpg, 292 , 118, 375, 178
000798.jpg, 311 , 119, 399, 190
000798.jpg, 290 , 116, 328, 158
000799.jpg, 323 , 119, 436, 206
000799.jpg, 294 , 117, 336, 167
000800.jpg, 339 , 124, 485, 229
000800.jpg, 304 , 116, 358, 173
000800.jpg, 285 , 116, 313, 152
000801.jpg, 352 , 125, 498, 249
000801.jpg, 313 , 116, 378, 187
000801.jpg, 289 , 117, 316, 153
000802.jpg, 325 , 110, 409, 197
000802.jpg, 384 , 130, 499, 245
000802.jpg, 290 , 116, 324, 154
000803.jpg, 333 , 105, 446, 215
000803.jpg, 396 , 152, 499, 249
000803.jpg, 295 , 116, 332, 157
000804.jpg, 344 , 103, 499, 239
000804.jpg, 296 , 116, 346, 166
000805.jpg, 305 , 119, 364, 173
000805.jpg, 365 , 101, 499, 249
000806.jpg, 311 , 119, 390, 184
000806.jpg, 394 , 109, 499, 240
000807.jpg, 317 , 119, 417, 197
000807.jpg, 437 , 167, 499, 249
000808.jpg, 329 , 117, 453, 217
000809.jpg, 343 , 119, 499, 241
000810.jpg, 363 , 124, 499, 249
000811.jpg, 388 , 134, 499, 249
000815.jpg, 14 , 126, 39, 140
000816.jpg, 6 , 129, 30, 148
000820.jpg, 390 , 96, 455, 137
000823.jpg, 418 , 83, 490, 138
000824.jpg, 431 , 88, 499, 143
000825.jpg, 446 , 84, 495, 145
000826.jpg, 467 , 87, 499, 144
000832.jpg, 287 , 118, 329, 155
000833.jpg, 290 , 118, 335, 159
000834.jpg, 295 , 116, 345, 163
000835.jpg, 297 , 117, 359, 172
000836.jpg, 302 , 115, 376, 181
000837.jpg, 309 , 116, 394, 192
000838.jpg, 320 , 116, 422, 208
000838.jpg, 98 , 128, 118, 145
000839.jpg, 329 , 116, 457, 226
000840.jpg, 342 , 114, 491, 249
000841.jpg, 357 , 116, 499, 249
000842.jpg, 381 , 117, 499, 249
000842.jpg, 273 , 117, 295, 138
000843.jpg, 428 , 168, 499, 249
000843.jpg, 276 , 118, 299, 141
000844.jpg, 277 , 119, 301, 142
000845.jpg, 278 , 121, 305, 146
000846.jpg, 280 , 119, 311, 147
000847.jpg, 283 , 120, 314, 150
000848.jpg, 286 , 119, 321, 152
000848.jpg, 21 , 136, 62, 161
000849.jpg, 290 , 121, 328, 160
000849.jpg, 10 , 135, 54, 163
000850.jpg, 293 , 122, 336, 163
000850.jpg, 1 , 138, 43, 169
000851.jpg, 299 , 122, 346, 169
000852.jpg, 299 , 123, 359, 172
000853.jpg, 306 , 124, 372, 180
000854.jpg, 314 , 126, 391, 194
000855.jpg, 322 , 125, 416, 207
000856.jpg, 331 , 128, 455, 228
000857.jpg, 345 , 125, 494, 249
000858.jpg, 360 , 128, 499, 249
000859.jpg, 382 , 134, 499, 249
000859.jpg, 45 , 121, 103, 158
000860.jpg, 428 , 185, 499, 249
000861.jpg, 0 , 105, 113, 171
000868.jpg, 49 , 123, 81, 150
000869.jpg, 37 , 121, 73, 150
000870.jpg, 26 , 118, 67, 150
000871.jpg, 22 , 120, 60, 153
000873.jpg, 2 , 112, 58, 159
000875.jpg, 2 , 122, 28, 159
000876.jpg, 23 , 122, 58, 139
000877.jpg, 18 , 124, 48, 139
000878.jpg, 10 , 122, 41, 139
000879.jpg, 5 , 123, 39, 142
000881.jpg, 7 , 124, 58, 144
000883.jpg, 7 , 123, 35, 141
000893.jpg, 4 , 120, 43, 140
000939.jpg, 72 , 102, 99, 134
000942.jpg, 55 , 106, 79, 138
000943.jpg, 48 , 107, 75, 142
000945.jpg, 37 , 108, 65, 143
000946.jpg, 29 , 107, 66, 150
000947.jpg, 25 , 113, 59, 151
000975.jpg, 23 , 128, 62, 148
000976.jpg, 293 , 110, 316, 141
000977.jpg, 297 , 111, 322, 146
000978.jpg, 298 , 111, 326, 145
000979.jpg, 302 , 110, 335, 145
000980.jpg, 307 , 109, 342, 147
000981.jpg, 310 , 111, 350, 153
000982.jpg, 313 , 112, 360, 158
000983.jpg, 318 , 112, 376, 162
000984.jpg, 326 , 111, 393, 165
000985.jpg, 332 , 107, 414, 171
000986.jpg, 342 , 103, 440, 179
000987.jpg, 355 , 103, 479, 197
000988.jpg, 373 , 99, 493, 220
000989.jpg, 394 , 91, 499, 244
000990.jpg, 424 , 108, 499, 236
000992.jpg, 306 , 112, 345, 148
000992.jpg, 277 , 105, 305, 132
000993.jpg, 312 , 112, 353, 151
000994.jpg, 316 , 113, 366, 156
000994.jpg, 279 , 104, 310, 132
000995.jpg, 321 , 112, 377, 161
000996.jpg, 329 , 113, 393, 164
000996.jpg, 285 , 105, 312, 134
000997.jpg, 337 , 114, 414, 173
000997.jpg, 286 , 102, 315, 136
000998.jpg, 348 , 114, 441, 182
000998.jpg, 286 , 101, 325, 140
000999.jpg, 360 , 111, 477, 197
000999.jpg, 289 , 98, 329, 141
001000.jpg, 377 , 112, 499, 215
001000.jpg, 292 , 96, 336, 143
001001.jpg, 396 , 113, 499, 238
001001.jpg, 294 , 95, 339, 144
001001.jpg, 65 , 126, 94, 144
001002.jpg, 426 , 126, 499, 224
001002.jpg, 61 , 126, 90, 146
001002.jpg, 297 , 95, 351, 146
001003.jpg, 302 , 95, 362, 147
001004.jpg, 301 , 92, 371, 149
001005.jpg, 310 , 93, 383, 151
001005.jpg, 37 , 127, 73, 148
001006.jpg, 27 , 129, 69, 148
001006.jpg, 326 , 91, 394, 155
001007.jpg, 336 , 89, 412, 163
001007.jpg, 18 , 126, 64, 151
001008.jpg, 344 , 85, 432, 170
001008.jpg, 9 , 126, 58, 154
001009.jpg, 353 , 80, 456, 178
001009.jpg, 1 , 126, 54, 155
001010.jpg, 367 , 76, 489, 189
001010.jpg, 3 , 129, 47, 154
001011.jpg, 385 , 73, 499, 202
001012.jpg, 392 , 71, 499, 217
001012.jpg, 2 , 129, 32, 155
001013.jpg, 414 , 80, 499, 199
001013.jpg, 346 , 74, 432, 170
001014.jpg, 434 , 87, 499, 202
001014.jpg, 353 , 72, 457, 178
001015.jpg, 364 , 65, 489, 187
001016.jpg, 375 , 64, 499, 194
001017.jpg, 381 , 63, 499, 211
001018.jpg, 397 , 55, 499, 229
001019.jpg, 417 , 61, 499, 205
001020.jpg, 429 , 68, 499, 202
001021.jpg, 449 , 98, 499, 223
001021.jpg, 435 , 78, 476, 151
001022.jpg, 445 , 90, 489, 153
001023.jpg, 454 , 97, 497, 154
001024.jpg, 465 , 96, 499, 154
001025.jpg, 476 , 89, 499, 160
001032.jpg, 212 , 111, 233, 129
001038.jpg, 225 , 118, 246, 131
001040.jpg, 233 , 118, 254, 130
001041.jpg, 239 , 120, 260, 131
001042.jpg, 242 , 117, 261, 130
001047.jpg, 257 , 110, 273, 127
001050.jpg, 167 , 123, 188, 136
001051.jpg, 167 , 118, 188, 136
001052.jpg, 169 , 120, 188, 135
001053.jpg, 166 , 119, 193, 137
001054.jpg, 170 , 120, 193, 137
001055.jpg, 166 , 121, 192, 136
001056.jpg, 166 , 121, 190, 137
001057.jpg, 171 , 123, 199, 139
001060.jpg, 176 , 120, 209, 137
001061.jpg, 177 , 123, 209, 139
001062.jpg, 180 , 121, 215, 139
001063.jpg, 187 , 122, 217, 140
001064.jpg, 186 , 121, 222, 142
001065.jpg, 189 , 121, 227, 141
001066.jpg, 190 , 120, 232, 141
001067.jpg, 193 , 120, 242, 141
001068.jpg, 196 , 120, 244, 140
001069.jpg, 200 , 120, 249, 141
001070.jpg, 206 , 120, 254, 143
001071.jpg, 210 , 120, 261, 143
001072.jpg, 216 , 121, 267, 144
001073.jpg, 223 , 121, 276, 146
001074.jpg, 227 , 121, 285, 145
001075.jpg, 234 , 120, 293, 147
001076.jpg, 241 , 119, 303, 147
001077.jpg, 247 , 120, 312, 149
001078.jpg, 256 , 120, 321, 151
001079.jpg, 262 , 117, 335, 152
001080.jpg, 272 , 118, 343, 153
001081.jpg, 279 , 117, 353, 156
001082.jpg, 290 , 117, 360, 159
001083.jpg, 301 , 116, 378, 161
001084.jpg, 313 , 113, 392, 163
001085.jpg, 327 , 113, 415, 167
001086.jpg, 340 , 113, 428, 173
001087.jpg, 355 , 114, 444, 179
001088.jpg, 376 , 115, 471, 184
001089.jpg, 398 , 112, 499, 194
001090.jpg, 426 , 113, 499, 199
001091.jpg, 453 , 119, 499, 190
